GEOID,DISTRICT
410019501001,2
410019501002,2
410019501003,2
410019502001,2
410019502002,2
410019502003,2
410019503001,2
410019503002,2
410019503003,2
410019504001,2
410019504002,2
410019504003,2
410019505001,2
410019505002,2
410019506001,2
410019506002,2
410019506003,2
410030001011,4
410030001012,4
410030001013,4
410030001021,4
410030001022,4
410030002021,4
410030002022,4
410030002023,4
410030004011,4
410030004012,4
410030004021,4
410030004022,4
410030004023,4
410030005001,4
410030005002,4
410030005003,4
410030006001,4
410030006002,4
410030006003,4
410030009001,4
410030009002,4
410030009003,4
410030009004,4
410030009005,4
410030010011,4
410030010012,4
410030010013,4
410030010021,4
410030010022,4
410030010023,4
410030011011,4
410030011012,4
410030011013,4
410030011014,4
410030011021,4
410030011022,4
410030011023,4
410030011024,4
410030101011,4
410030101012,4
410030101013,4
410030101021,4
410030101022,4
410030101023,4
410030102001,4
410030102002,4
410030102003,4
410030103001,4
410030103002,4
410030103003,4
410030104001,4
410030104002,4
410030104003,4
410030104004,4
410030106011,4
410030106012,4
410030106021,4
410030106022,4
410030107021,4
410030107022,4
410030107023,4
410030108001,4
410030108002,4
410030108003,4
410030109001,4
410030109002,4
410030109003,4
410050201011,3
410050201012,3
410050201021,3
410050201022,3
410050202011,3
410050202012,3
410050202013,3
410050202021,3
410050202022,3
410050203021,3
410050203022,3
410050203023,3
410050203031,3
410050203032,3
410050203033,3
410050203034,3
410050203041,3
410050203042,3
410050203043,3
410050204011,3
410050204012,3
410050204013,3
410050204014,3
410050204031,3
410050204032,3
410050204041,3
410050204042,3
410050205031,3
410050205032,3
410050205041,3
410050205042,3
410050205043,3
410050205044,3
410050205051,3
410050205052,3
410050205061,3
410050205062,3
410050205071,3
410050205072,3
410050205073,3
410050206011,3
410050206012,3
410050206021,3
410050206022,3
410050206023,3
410050207001,3
410050207002,3
410050207003,3
410050208001,1
410050208002,1
410050208003,1
410050209001,1
410050209002,1
410050209003,1
410050210001,1
410050210002,1
410050210003,1
410050211001,1
410050211002,1
410050211003,1
410050211004,1
410050212001,1
410050212002,1
410050212003,1
410050212004,1
410050213001,3
410050213002,1
410050213003,1
410050213004,1
410050214001,1
410050214002,1
410050214003,1
410050215001,1
410050215002,1
410050215003,1
410050216011,1
410050216012,1
410050216013,1
410050216014,1
410050216015,1
410050216021,1
410050216022,1
410050216023,1
410050217001,1
410050217002,1
410050217003,3
410050217004,3
410050218011,1
410050218012,1
410050218013,1
410050218021,1
410050218022,1
410050219001,1
410050219002,1
410050220001,1
410050220002,1
410050220003,1
410050220004,1
410050221011,1
410050221012,1
410050221013,1
410050221014,1
410050221051,1
410050221052,1
410050221053,1
410050221071,1
410050221072,1
410050221073,1
410050221081,1
410050221082,1
410050221091,1
410050221092,1
410050221101,1
410050221102,1
410050222011,1
410050222012,1
410050222013,1
410050222014,1
410050222051,1
410050222052,1
410050222061,1
410050222062,1
410050222063,1
410050222064,1
410050222071,1
410050222072,1
410050222073,1
410050222081,1
410050222082,1
410050222083,1
410050222084,1
410050223011,1
410050223012,1
410050223013,1
410050223021,1
410050223022,1
410050223023,3
410050224001,3
410050224002,3
410050224003,3
410050224004,3
410050224005,3
410050225011,3
410050225012,3
410050225021,3
410050225022,3
410050225023,3
410050226021,3
410050226022,3
410050226031,3
410050226032,3
410050226051,3
410050226052,3
410050226053,3
410050226054,3
410050226061,3
410050226062,3
410050226063,3
410050226064,3
410050227021,3
410050227022,3
410050227023,3
410050227024,3
410050227025,3
410050227071,3
410050227072,3
410050227073,3
410050227074,3
410050227081,3
410050227082,3
410050227083,3
410050227101,3
410050227102,3
410050228001,3
410050228002,3
410050228003,3
410050228004,3
410050229011,3
410050229012,3
410050229013,3
410050229041,3
410050229042,3
410050229051,3
410050229052,3
410050229053,3
410050229061,3
410050229062,3
410050229071,3
410050229072,3
410050230011,3
410050230012,2
410050230021,3
410050230022,3
410050231001,2
410050231002,2
410050231003,2
410050232011,2
410050232012,2
410050232021,2
410050232022,2
410050232023,1
410050232024,2
410050233001,2
410050233002,2
410050233003,2
410050233004,2
410050234011,2
410050234012,2
410050234013,2
410050234031,2
410050234032,2
410050234033,2
410050234041,2
410050234042,2
410050234043,2
410050234044,2
410050235001,2
410050235002,2
410050235003,2
410050235004,2
410050235005,2
410050236001,2
410050236002,2
410050236003,2
410050237001,3
410050237002,3
410050237003,2
410050237004,2
410050238001,3
410050238002,3
410050238003,3
410050238004,3
410050238005,3
410050239011,3
410050239012,3
410050239013,3
410050239014,3
410050239021,3
410050239022,3
410050239023,3
410050240001,3
410050240002,2
410050241001,2
410050241002,2
410050241003,2
410050242001,2
410050242002,2
410050242003,2
410050242004,2
410050242005,2
410050243021,2
410050243022,2
410050243023,2
410050243031,2
410050243032,2
410050243033,2
410050243034,2
410050243041,2
410050243042,2
410050243043,2
410050244011,3
410050244012,3
410050244021,3
410050244022,3
410050244023,3
410059800001,2
410079501001,6
410079501002,6
410079501003,6
410079502001,6
410079502002,6
410079502003,6
410079502004,6
410079503001,6
410079503002,6
410079503003,6
410079504001,6
410079504002,6
410079504003,6
410079505001,6
410079505002,6
410079505003,6
410079505004,6
410079506001,6
410079506002,6
410079506003,6
410079507001,6
410079507002,6
410079509001,6
410079509002,6
410079509003,6
410079509004,6
410079509005,6
410079511001,6
410079511002,6
410079511003,6
410079511004,6
410079512001,6
410079512002,6
410079512003,6
410079513001,6
410079513002,6
410079900000,6
410099702011,6
410099702012,6
410099702013,6
410099702021,6
410099702022,6
410099702023,6
410099703001,6
410099703002,6
410099703003,6
410099703004,6
410099703005,6
410099704001,6
410099704002,6
410099705001,6
410099705002,6
410099705003,6
410099705004,6
410099705005,6
410099706001,6
410099706002,6
410099706003,6
410099706004,6
410099707001,6
410099707002,6
410099707003,6
410099707004,6
410099708001,6
410099708002,6
410099708003,6
410099708004,6
410099709001,6
410099709002,6
410099709003,6
410099709004,6
410099710001,6
410099710002,6
410099710003,6
410099711001,6
410099711002,6
410099711003,6
410110001011,5
410110001012,5
410110001021,5
410110001022,5
410110001031,5
410110001032,5
410110001033,5
410110002001,5
410110002002,5
410110002003,5
410110003001,5
410110003002,5
410110003003,5
410110003004,5
410110004011,5
410110004012,5
410110004013,5
410110004021,5
410110004022,5
410110004023,5
410110005021,5
410110005022,5
410110005023,5
410110005031,5
410110005032,5
410110005051,5
410110005052,5
410110005053,5
410110005054,5
410110005061,5
410110005062,5
410110006001,5
410110006002,5
410110006003,5
410110007011,5
410110007012,5
410110007013,5
410110007014,5
410110007015,5
410110007021,5
410110007022,5
410110007023,5
410110008001,5
410110008002,5
410110009011,5
410110009012,5
410110009013,5
410110009014,5
410110009021,5
410110009022,5
410110009023,5
410110009024,5
410110010011,5
410110010012,5
410110010013,5
410110010021,5
410110010022,5
410110010023,5
410110010024,5
410110011011,5
410110011012,5
410110011013,5
410110011021,5
410110011022,5
410110011023,5
410110011024,5
410119901010,5
410139501011,2
410139501012,2
410139501013,2
410139501021,2
410139501022,2
410139501023,2
410139502001,2
410139502002,2
410139502003,2
410139502004,2
410139503011,2
410139503012,2
410139503013,2
410139503021,2
410139503022,2
410139503023,2
410139504011,2
410139504012,2
410139504021,2
410139504022,2
410159501001,5
410159501002,5
410159501003,5
410159502011,5
410159502012,5
410159502021,5
410159502022,5
410159503011,5
410159503012,5
410159503013,5
410159503014,5
410159503021,5
410159503022,5
410159503023,5
410159503024,5
410159504011,5
410159504012,5
410159504013,5
410159504021,5
410159504022,5
410159901010,5
410170001001,2
410170002011,2
410170002012,2
410170002021,2
410170002022,2
410170002023,2
410170003011,2
410170003012,2
410170003013,2
410170003014,2
410170003021,2
410170003022,2
410170003023,2
410170004011,2
410170004012,2
410170004013,2
410170004031,2
410170004041,2
410170005011,2
410170005012,2
410170005013,2
410170005021,2
410170005022,2
410170005023,2
410170006011,2
410170006021,2
410170006022,2
410170006031,2
410170006032,2
410170007011,2
410170007012,2
410170007021,2
410170007022,2
410170007023,2
410170008001,2
410170008002,2
410170008003,2
410170008004,2
410170008005,2
410170009011,2
410170009012,2
410170009021,2
410170009022,2
410170010021,2
410170010022,2
410170010031,2
410170010032,2
410170010033,2
410170010041,2
410170010042,2
410170010043,2
410170010051,2
410170010052,2
410170011011,2
410170011012,2
410170011013,2
410170011021,2
410170011022,2
410170011023,2
410170012001,2
410170012002,2
410170012003,2
410170012004,2
410170013011,2
410170013012,2
410170013013,2
410170013021,2
410170013022,2
410170013023,2
410170013024,2
410170014011,2
410170014012,2
410170014013,2
410170014021,2
410170014022,2
410170015011,2
410170015012,2
410170015013,2
410170015021,2
410170015022,2
410170016011,2
410170016012,2
410170016021,2
410170016022,2
410170017011,2
410170017012,2
410170017013,2
410170017021,2
410170017022,2
410170018011,2
410170018012,2
410170018013,2
410170018021,2
410170018022,2
410170018023,2
410170019011,2
410170019031,2
410170019032,2
410170019033,2
410170019041,2
410170019042,2
410170019043,2
410170020011,2
410170020021,2
410170020022,2
410170020023,2
410170021011,2
410170021012,2
410170021013,2
410170021021,2
410170021031,2
410170021032,2
410190100001,5
410190100002,5
410190200001,5
410190200002,5
410190200003,5
410190200004,5
410190300001,5
410190300002,5
410190300003,5
410190400001,5
410190400002,5
410190400003,5
410190500011,5
410190500012,5
410190500013,5
410190500014,5
410190500031,5
410190500032,5
410190500041,5
410190500042,5
410190500043,5
410190600001,5
410190600002,5
410190600003,5
410190700001,5
410190700002,5
410190700003,5
410190800011,5
410190800012,5
410190800021,5
410190800022,5
410190800023,5
410190800024,5
410190900011,5
410190900012,5
410190900013,5
410190900014,5
410190900021,5
410191000001,5
410191000002,5
410191000003,5
410191100001,5
410191100002,5
410191100003,5
410191200011,5
410191200012,5
410191200021,5
410191200022,5
410191200023,5
410191200024,5
410191200025,5
410191300011,5
410191300012,5
410191300021,5
410191300022,5
410191300023,5
410191400001,5
410191400002,5
410191400003,5
410191400004,5
410191400005,5
410191500011,5
410191500012,5
410191500013,5
410191500021,5
410191500022,5
410191600011,5
410191600012,5
410191600013,5
410191600021,5
410191600022,5
410191600023,5
410191700001,5
410191700002,5
410191700003,5
410191800001,5
410191800002,5
410191800003,5
410191800004,5
410191800005,5
410191900001,5
410191900002,5
410191900003,5
410191900004,5
410192000001,5
410192000002,5
410192000003,5
410192000004,5
410192100001,5
410192100002,5
410192100003,5
410192100004,5
410192100005,5
410199900000,5
410219601001,2
410219601002,2
410239601001,2
410239601002,2
410239601003,2
410239602011,2
410239602012,2
410239602021,2
410239602022,2
410239602023,2
410259601011,2
410259601012,2
410259601021,2
410259601022,2
410259601023,2
410259602001,2
410259602002,2
410279501001,2
410279501002,2
410279501003,2
410279501004,2
410279502011,2
410279502012,2
410279502013,2
410279502021,2
410279502022,2
410279503011,2
410279503012,2
410279503013,2
410279503021,2
410279503022,2
410279503023,2
410279504001,2
410279504002,2
410279504003,2
410279504004,2
410290001001,5
410290001002,5
410290002011,5
410290002012,5
410290002013,5
410290002021,5
410290002022,5
410290002023,5
410290002031,5
410290002032,5
410290002033,5
410290003001,5
410290003002,5
410290003003,5
410290003004,5
410290004031,5
410290004032,5
410290004033,5
410290004041,5
410290004042,5
410290004051,5
410290004052,5
410290004061,5
410290004062,5
410290004063,5
410290005011,5
410290005012,5
410290005021,5
410290005022,5
410290005023,5
410290005024,5
410290006031,5
410290006032,5
410290006041,5
410290006042,5
410290006051,5
410290006052,5
410290006053,5
410290006061,5
410290007011,5
410290007012,5
410290007021,5
410290007022,5
410290007023,5
410290008001,5
410290008002,5
410290008003,5
410290008004,5
410290009011,5
410290009012,5
410290009013,5
410290009021,5
410290009022,5
410290009023,5
410290010011,5
410290010012,5
410290010013,5
410290010014,5
410290010021,5
410290010022,5
410290010023,5
410290010024,5
410290011001,5
410290011002,5
410290011003,5
410290011004,5
410290012001,5
410290012002,5
410290012003,5
410290013011,5
410290013012,5
410290013013,5
410290013031,5
410290013032,5
410290013033,5
410290013034,5
410290013041,5
410290013042,5
410290013043,5
410290013044,5
410290014011,5
410290014012,5
410290014013,5
410290014021,5
410290014031,5
410290014032,5
410290015001,5
410290015002,5
410290015003,5
410290015004,5
410290016011,5
410290016012,5
410290016013,5
410290016021,5
410290016022,5
410290016023,5
410290016024,5
410290016025,5
410290017011,5
410290017012,5
410290017021,5
410290017022,5
410290018011,5
410290018012,5
410290018013,5
410290018014,5
410290018021,5
410290018022,5
410290018023,5
410290019001,5
410290019002,5
410290020001,5
410290020002,5
410290021001,5
410290021002,5
410290021003,5
410290022001,5
410290022002,5
410290022003,5
410290022004,5
410290023001,5
410290023002,5
410290024001,5
410290024002,5
410290025001,5
410290025002,5
410290025003,5
410290026001,5
410290026002,5
410290027011,5
410290027012,5
410290027021,5
410290027022,5
410290027023,5
410290028001,5
410290028002,5
410290028003,5
410290029011,5
410290029012,5
410290029013,5
410290029021,5
410290029022,5
410290029023,5
410290030011,5
410290030012,5
410290030013,5
410290030014,5
410290030021,5
410290030022,5
410290030023,5
410319400001,2
410319400002,2
410319601001,2
410319601002,2
410319602011,2
410319602012,2
410319602021,2
410319602022,2
410319602023,2
410319602024,2
410319603011,2
410319603012,2
410319603013,2
410319603014,2
410319603031,2
410319603032,2
410319603041,2
410319603051,2
410319603052,2
410333601001,5
410333601002,5
410333603001,5
410333603002,5
410333603003,5
410333603004,5
410333604001,5
410333604002,5
410333604003,5
410333605001,5
410333605002,5
410333605003,5
410333605004,5
410333605005,5
410333606011,5
410333606012,5
410333606013,5
410333606021,5
410333606022,5
410333606023,5
410333607011,5
410333607012,5
410333607013,5
410333607014,5
410333607031,5
410333607032,5
410333607041,5
410333607042,5
410333608001,5
410333608002,5
410333608003,5
410333608004,5
410333609001,5
410333609002,5
410333610001,5
410333610002,5
410333610003,5
410333610004,5
410333611011,5
410333611012,5
410333611013,5
410333611014,5
410333611021,5
410333611022,5
410333611023,5
410333612011,5
410333612012,5
410333612013,5
410333612021,5
410333612022,5
410333613011,5
410333613012,5
410333613021,5
410333613022,5
410333614001,5
410333614002,5
410333615001,5
410333615002,5
410333616011,5
410333616012,5
410333616013,5
410333616014,5
410333616021,5
410333616022,5
410333616023,5
410359701001,2
410359701002,2
410359701003,2
410359701004,5
410359702011,5
410359702012,5
410359702021,5
410359702022,5
410359702023,5
410359703001,5
410359703002,5
410359703003,5
410359703004,5
410359704001,5
410359705001,5
410359705002,5
410359706001,5
410359707001,5
410359707002,5
410359708001,5
410359708002,5
410359709011,5
410359709012,5
410359709021,5
410359709022,5
410359710001,5
410359710002,5
410359711001,5
410359711002,5
410359711003,5
410359711004,5
410359712001,5
410359712002,5
410359712003,5
410359713001,5
410359713002,5
410359713003,5
410359713004,5
410359713005,5
410359713006,5
410359714001,5
410359714002,5
410359714003,5
410359714004,5
410359714005,5
410359715001,5
410359715002,5
410359715003,5
410359715004,5
410359715005,5
410359716001,5
410359716002,5
410359716003,5
410359716004,5
410359717001,5
410359717002,5
410359717003,5
410359717004,5
410359718001,5
410359718002,5
410359718003,5
410359719001,5
410359719002,5
410359719003,5
410359719004,5
410359719005,5
410359720001,5
410359720002,5
410359720003,5
410359720004,5
410379601001,2
410379601002,2
410379601003,2
410379602001,2
410379602002,2
410379602003,2
410379602004,2
410379602005,2
410379602006,2
410379602007,2
410390001001,2
410390001002,2
410390001003,4
410390001004,4
410390001005,4
410390002001,4
410390002002,4
410390002003,4
410390002004,4
410390003001,4
410390003002,4
410390004021,4
410390004022,4
410390004023,4
410390004031,4
410390004032,4
410390004033,4
410390004034,4
410390004041,4
410390004042,4
410390004043,4
410390005001,5
410390005002,4
410390005003,4
410390007021,5
410390007022,5
410390007051,5
410390007052,5
410390007053,5
410390007061,4
410390007062,4
410390007071,4
410390007072,5
410390007073,5
410390007081,4
410390007082,4
410390008001,5
410390008002,5
410390009021,4
410390009022,4
410390009023,4
410390009024,4
410390009031,5
410390009032,4
410390009033,4
410390009034,4
410390009041,5
410390009042,4
410390010011,4
410390010012,4
410390010021,5
410390010022,5
410390010023,5
410390011011,5
410390011012,5
410390011013,5
410390011014,5
410390011021,5
410390011022,5
410390011023,5
410390012011,5
410390012012,5
410390012013,5
410390012021,5
410390012022,5
410390012023,5
410390013011,5
410390013012,5
410390013013,5
410390013021,5
410390013022,5
410390013023,5
410390014001,5
410390014002,5
410390015001,5
410390015002,5
410390015003,5
410390015004,5
410390016001,5
410390016002,5
410390016003,5
410390016004,5
410390016005,5
410390017001,5
410390017002,5
410390017003,5
410390017004,5
410390018011,5
410390018012,5
410390018013,5
410390018031,4
410390018032,4
410390018033,4
410390018041,4
410390018042,4
410390019021,5
410390019022,4
410390019023,4
410390019024,4
410390019031,4
410390019032,4
410390019041,5
410390019042,5
410390019043,5
410390020011,4
410390020012,4
410390020021,4
410390020022,4
410390020023,4
410390021011,4
410390021012,4
410390021031,4
410390021032,4
410390021041,4
410390021042,4
410390022011,4
410390022012,4
410390022031,4
410390022032,4
410390022033,4
410390022041,4
410390022042,4
410390023011,4
410390023012,4
410390023013,4
410390023021,4
410390023022,4
410390023023,4
410390024011,4
410390024012,4
410390024013,4
410390024031,4
410390024032,4
410390024033,4
410390024041,4
410390024042,4
410390025011,4
410390025012,4
410390025013,4
410390025041,4
410390025042,4
410390025051,4
410390025052,4
410390025061,4
410390025062,4
410390026001,4
410390026002,4
410390026003,4
410390026004,4
410390027001,4
410390027002,4
410390028001,4
410390028002,4
410390028003,4
410390029021,4
410390029022,4
410390029023,4
410390029031,4
410390029032,4
410390029041,4
410390029042,4
410390029043,4
410390030001,4
410390030002,4
410390030003,4
410390031011,4
410390031012,4
410390031013,4
410390031014,4
410390031031,4
410390031032,4
410390031041,4
410390031042,4
410390031043,4
410390031044,4
410390032011,4
410390032012,4
410390032021,4
410390032022,4
410390032023,4
410390033011,4
410390033012,4
410390033013,4
410390033021,4
410390033022,4
410390033023,4
410390034001,4
410390034002,4
410390034003,4
410390034004,4
410390035001,5
410390035002,5
410390035003,5
410390035004,5
410390036001,5
410390036002,5
410390036003,5
410390037001,4
410390037002,4
410390038011,4
410390038012,4
410390038013,4
410390038021,4
410390038022,4
410390038023,4
410390039001,4
410390039002,4
410390039003,4
410390040001,4
410390040002,4
410390040003,4
410390041001,4
410390041002,4
410390041003,4
410390041004,4
410390042001,4
410390042002,4
410390042003,4
410390043001,4
410390043002,4
410390043003,4
410390043004,4
410390043005,4
410390044031,4
410390044032,4
410390044033,4
410390044034,4
410390044041,5
410390044042,5
410390044043,5
410390044051,5
410390044052,5
410390044053,5
410390044061,4
410390044062,4
410390044071,4
410390044072,4
410390045011,4
410390045012,4
410390045013,4
410390045021,4
410390045022,4
410390045023,4
410390046001,5
410390046002,5
410390046003,5
410390047001,5
410390047002,5
410390047003,5
410390047004,5
410390048001,5
410390048002,5
410390048003,5
410390049001,5
410390049002,5
410390049003,5
410390050001,5
410390050002,5
410390050003,5
410390050004,5
410390051001,5
410390051002,5
410390052001,5
410390052002,5
410390053001,5
410390053002,5
410390054001,5
410390054002,5
410390054003,5
410390054004,5
410399900000,4
410419501001,4
410419501002,4
410419503031,4
410419503032,4
410419503041,4
410419503042,4
410419503043,4
410419504011,4
410419504012,4
410419504021,4
410419504022,4
410419506011,4
410419506012,4
410419506013,4
410419506021,4
410419506022,4
410419506023,4
410419508001,4
410419508002,4
410419508003,4
410419509001,4
410419509002,4
410419509003,4
410419509004,4
410419510001,4
410419510002,4
410419511001,4
410419511002,4
410419512001,4
410419512002,4
410419513001,4
410419513002,4
410419514001,4
410419514002,4
410419515001,4
410419515002,4
410419515003,4
410419515004,4
410419516001,4
410419516002,4
410419516003,4
410419517001,4
410419517002,4
410419518001,4
410419518002,4
410419518003,4
410419901000,4
410430201011,4
410430201012,4
410430201013,4
410430201021,4
410430201031,4
410430202001,4
410430203001,4
410430203002,4
410430203003,4
410430203004,4
410430203005,4
410430203006,4
410430204001,4
410430204002,4
410430204003,4
410430204004,4
410430205001,4
410430205002,4
410430205003,4
410430206011,4
410430206012,4
410430206013,4
410430206021,4
410430206022,4
410430206023,4
410430207001,4
410430207002,4
410430207003,4
410430208011,4
410430208012,4
410430208021,4
410430208022,4
410430208023,4
410430208024,4
410430301001,4
410430301002,4
410430301003,4
410430301004,4
410430301005,4
410430302011,2
410430302012,2
410430302013,2
410430302014,4
410430302021,3
410430302022,4
410430303001,2
410430303002,4
410430303003,2
410430304011,4
410430304012,4
410430304013,4
410430304014,4
410430304015,4
410430304031,4
410430304032,4
410430304033,4
410430304041,4
410430304042,4
410430304043,4
410430305001,4
410430305002,4
410430305003,4
410430306001,4
410430306002,4
410430306003,4
410430306004,4
410430306005,4
410430307001,4
410430307002,4
410430307003,4
410430307004,4
410430308011,4
410430308012,4
410430308013,4
410430308021,4
410430308022,4
410430308023,4
410430309031,4
410430309032,4
410430309033,4
410430309034,4
410430309041,4
410430309042,4
410430309043,4
410430309051,4
410430309052,4
410430309061,4
410430309062,4
410430309063,4
410459400001,2
410459702001,2
410459702002,2
410459702003,2
410459702004,2
410459703001,2
410459703002,2
410459703003,2
410459703004,2
410459703005,2
410459704001,2
410459704002,2
410459704003,2
410459704004,2
410459704005,2
410459705001,2
410459705002,2
410459705003,2
410459705004,2
410459705005,2
410459705006,2
410459706001,2
410459706002,2
410459706003,2
410459706004,2
410459706005,2
410459707001,2
410459709001,2
410459709002,2
410459709003,2
410459709004,2
410470002001,3
410470002002,3
410470002003,3
410470003001,3
410470003002,3
410470003003,3
410470003004,3
410470004001,3
410470004002,3
410470004003,3
410470005011,3
410470005012,3
410470005021,3
410470005022,3
410470005023,3
410470006001,3
410470006002,3
410470006003,3
410470007021,3
410470007022,3
410470007031,3
410470009001,3
410470009002,3
410470009003,3
410470009004,3
410470009005,3
410470009006,3
410470010001,4
410470010002,4
410470010003,4
410470011001,4
410470011002,4
410470011003,4
410470012001,4
410470012002,4
410470013001,4
410470013002,4
410470013003,4
410470014011,3
410470014012,3
410470014013,3
410470014021,3
410470014022,3
410470014023,3
410470015011,3
410470015012,3
410470015013,3
410470015021,3
410470015022,3
410470015023,3
410470015031,3
410470015032,3
410470015033,3
410470016011,3
410470016012,3
410470016013,3
410470016014,3
410470016015,3
410470016031,3
410470016032,3
410470016033,3
410470016034,3
410470016051,3
410470016052,3
410470016061,3
410470016062,3
410470016063,3
410470016071,3
410470016072,3
410470016081,3
410470016082,3
410470017011,3
410470017012,3
410470017013,3
410470017021,3
410470017022,3
410470017023,3
410470017031,3
410470017032,3
410470017033,3
410470018011,3
410470018012,3
410470018013,3
410470018014,3
410470018021,3
410470018022,3
410470018023,3
410470018024,3
410470018025,3
410470018031,3
410470018032,4
410470020011,4
410470020012,4
410470020021,4
410470020022,4
410470021011,4
410470021012,4
410470021021,4
410470021022,4
410470021023,4
410470021024,4
410470022011,4
410470022012,4
410470022021,4
410470022022,4
410470022023,4
410470023011,4
410470023012,4
410470023031,4
410470023032,4
410470023033,4
410470023041,4
410470023042,4
410470023043,4
410470023044,4
410470024001,4
410470024002,4
410470025021,3
410470025022,3
410470025023,3
410470025031,3
410470025032,3
410470025033,3
410470025041,3
410470025042,3
410470025043,3
410470026001,3
410470026002,3
410470027011,4
410470027012,4
410470027013,4
410470027021,3
410470027022,3
410470028001,4
410470028002,4
410470101001,3
410470102011,3
410470102012,3
410470102021,3
410470102022,3
410470102023,3
410470102024,3
410470103031,3
410470103032,3
410470103041,3
410470103042,3
410470103043,3
410470103044,3
410470103051,3
410470103052,3
410470103053,3
410470103071,3
410470103072,3
410470103073,3
410470103074,3
410470103081,3
410470103082,3
410470103091,3
410470103092,3
410470103093,3
410470103094,3
410470104001,3
410470104002,3
410470104003,3
410470104004,3
410470104005,3
410470105011,3
410470105012,2
410470105013,3
410470105014,3
410470105021,3
410470105022,3
410470105023,3
410470105024,3
410470105031,3
410470105032,3
410470105033,3
410470106001,2
410470106002,2
410470107011,4
410470107012,4
410470107013,4
410470107014,4
410470107015,4
410470107021,3
410470107022,4
410470107023,3
410470108011,4
410470108012,4
410470108013,4
410470108014,4
410470108015,4
410470108021,4
410470108022,4
410470108023,4
410470108024,4
410499701011,2
410499701012,2
410499701013,2
410499701021,2
410499701022,2
410499702001,2
410499702002,2
410499702003,2
410499702004,2
410499702005,2
410510001011,1
410510001012,1
410510001013,1
410510001021,1
410510001022,1
410510001023,1
410510001024,1
410510002011,1
410510002012,1
410510002021,1
410510002022,1
410510003011,1
410510003012,1
410510003013,1
410510003014,1
410510003021,1
410510003022,1
410510003023,1
410510003024,1
410510003025,1
410510003026,1
410510004011,1
410510004012,1
410510004013,1
410510004014,1
410510004021,1
410510004022,1
410510004023,1
410510005011,1
410510005012,1
410510005013,1
410510005014,1
410510005021,1
410510005022,1
410510005023,1
410510005024,1
410510005025,1
410510006011,1
410510006012,1
410510006013,1
410510006014,1
410510006021,1
410510006022,1
410510006023,1
410510006024,1
410510007011,1
410510007012,1
410510007013,1
410510007014,1
410510007021,1
410510007022,1
410510007023,1
410510007024,1
410510008011,1
410510008012,1
410510008013,1
410510008014,1
410510008021,1
410510008022,1
410510008023,1
410510008024,1
410510009011,1
410510009012,1
410510009013,1
410510009014,1
410510009021,1
410510009022,1
410510009023,1
410510010001,1
410510010002,1
410510010003,1
410510010004,1
410510010005,1
410510011011,1
410510011012,1
410510011021,1
410510011022,1
410510012021,1
410510012022,1
410510012023,1
410510012031,1
410510012032,1
410510012041,1
410510012042,1
410510013011,1
410510013012,1
410510013013,1
410510013014,1
410510013021,1
410510013022,1
410510013023,1
410510014001,1
410510014002,1
410510014003,1
410510014004,1
410510014005,1
410510015001,1
410510015002,1
410510015003,1
410510016011,1
410510016012,1
410510016013,1
410510016014,1
410510016015,1
410510016016,1
410510016021,1
410510016022,1
410510016023,1
410510016024,1
410510017021,1
410510017022,1
410510017023,1
410510017031,1
410510017032,1
410510017033,1
410510017034,1
410510017041,1
410510017042,1
410510017043,1
410510018011,1
410510018012,1
410510018013,1
410510018021,1
410510018022,1
410510019001,1
410510019002,1
410510019003,1
410510019004,1
410510020011,1
410510020012,1
410510020013,1
410510020021,1
410510020022,1
410510020023,1
410510021011,1
410510021012,1
410510021021,1
410510021022,1
410510021023,1
410510022031,1
410510022032,1
410510022033,1
410510022034,1
410510023031,1
410510023032,1
410510023033,1
410510024011,1
410510024012,1
410510024013,1
410510024021,1
410510024022,1
410510024023,1
410510025011,1
410510025012,1
410510025013,1
410510025014,1
410510025015,1
410510025016,1
410510025021,1
410510025022,1
410510025023,1
410510025024,1
410510026001,1
410510026002,1
410510026003,1
410510027011,1
410510027012,1
410510027013,1
410510027021,1
410510027022,1
410510028011,1
410510028012,1
410510028021,1
410510028022,1
410510028023,1
410510029011,1
410510029012,1
410510029013,1
410510029014,1
410510029021,1
410510029022,1
410510029023,1
410510029024,1
410510029025,1
410510029031,1
410510029032,1
410510029033,1
410510029034,1
410510030001,1
410510030002,1
410510030003,1
410510030004,1
410510031001,1
410510031002,1
410510031003,1
410510031004,1
410510032001,1
410510032002,1
410510032003,1
410510032004,1
410510033011,1
410510033012,1
410510033013,1
410510033021,1
410510033022,1
410510034011,1
410510034012,1
410510034013,1
410510034014,1
410510034021,1
410510034022,1
410510034023,1
410510035011,1
410510035012,6
410510035013,6
410510035014,1
410510035021,1
410510035022,1
410510036011,1
410510036012,1
410510036013,1
410510036014,1
410510036021,1
410510036022,1
410510036023,1
410510036024,1
410510036031,1
410510036032,1
410510037011,1
410510037012,1
410510037013,1
410510037014,1
410510037021,1
410510037022,1
410510037023,1
410510038011,1
410510038012,6
410510038013,6
410510038021,1
410510038022,6
410510038023,6
410510038031,6
410510038032,1
410510038033,6
410510039021,6
410510039022,6
410510039023,6
410510039024,6
410510039031,6
410510039032,6
410510039041,6
410510039042,6
410510039043,6
410510040021,6
410510040022,6
410510040023,6
410510040024,6
410510040031,6
410510040032,6
410510040033,6
410510040034,6
410510040035,6
410510041021,6
410510041022,6
410510041023,6
410510041024,6
410510041031,6
410510041032,6
410510041033,6
410510041041,6
410510041042,6
410510042001,6
410510042002,6
410510042003,6
410510043001,6
410510045001,6
410510045002,6
410510046011,6
410510046012,6
410510046021,6
410510046022,6
410510047001,6
410510047002,6
410510047003,6
410510048001,6
410510048002,6
410510048003,6
410510049011,6
410510049012,6
410510049013,6
410510049021,1
410510049022,1
410510050011,1
410510050012,1
410510050021,1
410510050022,1
410510051011,1
410510051012,1
410510051013,1
410510051021,1
410510051022,1
410510051023,1
410510051024,1
410510051031,1
410510051032,1
410510051033,1
410510052011,1
410510052012,1
410510052013,1
410510052021,6
410510052022,1
410510052023,6
410510055001,1
410510055002,1
410510055003,1
410510056011,1
410510056012,1
410510056013,1
410510056021,1
410510056022,1
410510056023,1
410510057011,1
410510057021,1
410510057022,1
410510057023,1
410510057024,1
410510058001,1
410510058002,1
410510058003,1
410510058004,6
410510058005,6
410510059011,1
410510059012,1
410510059021,1
410510059022,1
410510059023,1
410510059031,1
410510059032,1
410510059033,1
410510060011,1
410510060012,1
410510060021,1
410510061001,6
410510061002,1
410510062001,1
410510062002,1
410510062003,3
410510063001,1
410510063002,1
410510063003,1
410510064021,3
410510064022,3
410510064023,3
410510064024,3
410510064031,3
410510064032,3
410510064033,3
410510064041,3
410510064042,3
410510065011,6
410510065012,3
410510065013,6
410510065021,3
410510065022,3
410510065023,3
410510066011,6
410510066012,6
410510066021,1
410510066022,6
410510066023,1
410510066024,6
410510067011,6
410510067012,6
410510067021,6
410510067022,6
410510068011,6
410510068021,6
410510068022,6
410510069001,6
410510069002,6
410510070011,6
410510070012,6
410510070021,6
410510070022,6
410510070023,6
410510071001,6
410510071002,6
410510071003,6
410510072011,6
410510072012,1
410510072021,1
410510072022,1
410510072023,6
410510073001,1
410510074001,1
410510074002,1
410510075001,1
410510075002,1
410510075003,1
410510076001,1
410510076002,1
410510077001,1
410510077002,1
410510078001,1
410510078002,1
410510079001,1
410510079002,1
410510080011,1
410510080012,1
410510080021,1
410510080022,1
410510081001,1
410510081002,1
410510081003,1
410510081004,1
410510081005,1
410510081006,1
410510082011,1
410510082012,1
410510082013,1
410510082031,1
410510082032,1
410510082033,1
410510082041,1
410510083011,1
410510083012,1
410510083013,1
410510083021,1
410510083022,1
410510084001,1
410510084002,1
410510084003,1
410510085001,1
410510085002,1
410510085003,1
410510086001,1
410510086002,1
410510087001,1
410510087002,1
410510087003,1
410510088001,1
410510088002,1
410510088003,1
410510089021,1
410510089022,1
410510089023,1
410510089031,1
410510089032,1
410510089033,1
410510089041,1
410510089042,1
410510089043,1
410510090011,1
410510090012,1
410510090013,1
410510090014,1
410510090021,1
410510090022,1
410510090023,1
410510091011,1
410510091012,1
410510091013,1
410510091021,1
410510091022,1
410510091023,1
410510091024,1
410510092021,1
410510092022,1
410510092023,1
410510092031,1
410510092032,1
410510092041,1
410510092042,1
410510092043,1
410510093011,1
410510093012,1
410510093013,1
410510093021,1
410510093022,1
410510093023,1
410510094001,1
410510094002,1
410510094003,1
410510094004,1
410510094005,1
410510095011,1
410510095012,1
410510095013,1
410510095021,1
410510095022,1
410510095023,1
410510096031,1
410510096032,1
410510096041,1
410510096042,1
410510096043,1
410510096051,1
410510096052,1
410510096053,1
410510096061,1
410510096062,1
410510096063,1
410510097011,1
410510097012,1
410510097013,1
410510097014,1
410510097031,1
410510097032,1
410510097033,1
410510097041,1
410510097042,1
410510098011,2
410510098012,1
410510098031,1
410510098032,1
410510098033,1
410510098034,1
410510098041,1
410510098042,1
410510099031,2
410510099032,2
410510099033,1
410510099034,2
410510099041,2
410510099042,2
410510099043,2
410510099051,2
410510099052,2
410510099061,2
410510099062,2
410510099071,2
410510099072,2
410510099073,2
410510099074,2
410510100011,2
410510100012,2
410510100013,2
410510100014,2
410510100021,2
410510100022,2
410510101011,2
410510101012,2
410510101013,2
410510101021,2
410510101022,2
410510101023,2
410510102001,2
410510102002,2
410510102003,1
410510103031,2
410510103032,2
410510103033,2
410510103041,2
410510103042,2
410510103051,2
410510103052,2
410510103053,2
410510103061,2
410510103062,2
410510103063,2
410510104021,2
410510104022,2
410510104023,2
410510104051,2
410510104052,2
410510104053,2
410510104054,2
410510104071,2
410510104072,2
410510104073,2
410510104081,2
410510104082,2
410510104083,2
410510104084,2
410510104101,2
410510104102,2
410510104103,2
410510104111,2
410510104112,2
410510104121,2
410510104122,2
410510104131,2
410510104132,2
410510105001,2
410510105002,2
410510105003,2
410510105004,2
410510106011,1
410510106012,1
410510106021,1
410510106022,1
410519800001,6
410530051001,3
410530051002,4
410530052031,4
410530052032,4
410530052033,4
410530052041,4
410530052042,4
410530052051,3
410530052052,3
410530052053,3
410530052061,3
410530053011,4
410530053012,3
410530053013,3
410530053014,4
410530053021,4
410530053022,3
410530202021,4
410530202022,4
410530202023,4
410530202031,4
410530202032,4
410530202033,4
410530202041,4
410530202042,4
410530202043,4
410530203031,4
410530203032,4
410530203041,4
410530203042,4
410530203043,4
410530203044,4
410530203051,4
410530203052,4
410530203053,4
410530203054,4
410530203055,4
410530203061,4
410530203062,4
410530204001,4
410530204002,4
410530204003,4
410530204004,4
410530204005,4
410530205001,4
410530205002,4
410530205003,4
410530205004,4
410559501001,2
410559501002,2
410579601011,6
410579601012,6
410579601013,6
410579601021,6
410579601022,6
410579602001,6
410579602002,6
410579602003,6
410579603001,6
410579603002,6
410579604011,6
410579604012,6
410579604013,6
410579604021,6
410579604022,6
410579604023,6
410579604024,6
410579605001,6
410579605002,6
410579605003,6
410579606001,6
410579606002,6
410579606003,6
410579607001,6
410579607002,6
410579607003,6
410579608001,4
410579608002,4
410579608003,4
410579901000,6
410599400001,2
410599400002,2
410599501001,2
410599501002,2
410599501003,2
410599501004,2
410599502011,2
410599502012,2
410599502013,2
410599502021,2
410599502022,2
410599502023,2
410599502024,2
410599503001,2
410599503002,2
410599503003,2
410599504001,2
410599504002,2
410599504003,2
410599504004,2
410599504005,2
410599504006,2
410599505001,2
410599505002,2
410599505003,2
410599506011,2
410599506012,2
410599506013,2
410599506021,2
410599506022,2
410599507001,2
410599507002,2
410599507003,2
410599508001,2
410599508002,2
410599508003,2
410599508004,2
410599509001,2
410599509002,2
410599509003,2
410599510001,2
410599510002,2
410599510003,2
410599510004,2
410599510005,2
410599511001,2
410599511002,2
410599511003,2
410599511004,2
410599511005,2
410599512011,2
410599512012,2
410599512013,2
410599512014,2
410599512021,2
410599512022,2
410599512023,2
410599513001,2
410599513002,2
410599513003,2
410599513004,2
410599514001,2
410599514002,2
410619701001,2
410619701002,2
410619701003,2
410619701004,2
410619702001,2
410619702002,2
410619702003,2
410619703001,2
410619703002,2
410619704001,2
410619704002,2
410619704003,2
410619705001,2
410619705002,2
410619705003,2
410619706001,2
410619706002,2
410619706003,2
410619706004,2
410619707001,2
410619707002,2
410619707003,2
410619708001,2
410619708002,2
410619708003,2
410619708004,2
410639601001,2
410639601002,2
410639602001,2
410639602002,2
410639603001,2
410639603002,2
410639603003,2
410639603004,2
410659701001,2
410659701002,2
410659701003,2
410659702001,2
410659702002,2
410659702003,2
410659703001,2
410659703002,2
410659703003,2
410659704001,2
410659704002,2
410659705001,2
410659705002,2
410659705003,2
410659706001,2
410659706002,2
410659707001,2
410659707002,2
410659708001,2
410659708002,2
410659708003,2
410659708004,2
410670301031,6
410670301032,6
410670301033,6
410670301041,6
410670301042,6
410670301043,6
410670301051,6
410670301052,6
410670301053,6
410670301061,6
410670301062,6
410670302001,6
410670302002,6
410670302003,6
410670302004,6
410670303001,6
410670303002,6
410670303003,6
410670303004,6
410670304011,6
410670304012,6
410670304013,6
410670304021,6
410670304022,6
410670304023,6
410670305011,6
410670305012,6
410670305013,6
410670305014,6
410670305021,6
410670305022,6
410670305023,6
410670306001,3
410670306002,3
410670306003,3
410670306004,3
410670307001,3
410670307002,3
410670308011,3
410670308012,3
410670308013,3
410670308014,3
410670308031,3
410670308032,3
410670308033,3
410670308034,3
410670308051,3
410670308052,3
410670308053,3
410670308061,3
410670308062,3
410670309001,3
410670309002,3
410670309003,3
410670310051,6
410670310052,6
410670310053,6
410670310054,6
410670310071,6
410670310072,6
410670310081,6
410670310082,6
410670310083,6
410670310084,6
410670310091,6
410670310092,6
410670310093,6
410670310101,6
410670310102,6
410670310111,6
410670310112,6
410670310113,6
410670310121,6
410670310122,6
410670311001,6
410670311002,6
410670312011,6
410670312012,6
410670312021,6
410670312022,6
410670312023,6
410670313011,6
410670313012,6
410670313021,6
410670313022,6
410670313023,6
410670314021,6
410670314022,6
410670314031,6
410670314032,6
410670314033,6
410670314041,6
410670314042,6
410670314043,6
410670314044,6
410670315041,6
410670315042,6
410670315043,6
410670315044,6
410670315061,6
410670315062,6
410670315071,6
410670315072,6
410670315073,6
410670315074,6
410670315091,6
410670315092,6
410670315093,6
410670315111,6
410670315112,6
410670315141,6
410670315142,6
410670315143,6
410670315144,6
410670315145,6
410670315151,6
410670315152,6
410670315153,6
410670315161,6
410670315162,6
410670315171,6
410670315172,6
410670315173,6
410670315181,6
410670315182,6
410670315191,6
410670315192,6
410670315193,6
410670315201,6
410670315202,6
410670315203,6
410670316061,6
410670316062,6
410670316063,6
410670316121,6
410670316122,6
410670316141,6
410670316142,6
410670316143,6
410670316151,6
410670316152,6
410670316153,6
410670316154,6
410670316161,6
410670316162,6
410670316163,6
410670316171,6
410670316172,6
410670316173,6
410670316181,6
410670316182,6
410670316183,6
410670316191,6
410670316192,6
410670316201,6
410670316202,6
410670316203,6
410670316211,6
410670316212,6
410670316213,6
410670316221,6
410670316222,6
410670316231,6
410670316232,6
410670316241,6
410670316242,6
410670316243,6
410670316251,6
410670316252,6
410670316253,6
410670316261,6
410670316262,6
410670317031,6
410670317032,6
410670317033,6
410670317051,6
410670317052,6
410670317053,6
410670317061,6
410670317062,6
410670317063,6
410670317064,6
410670317071,6
410670317072,6
410670317073,6
410670317081,6
410670317082,6
410670317083,6
410670318041,6
410670318042,6
410670318043,6
410670318061,6
410670318062,6
410670318063,6
410670318064,6
410670318071,6
410670318072,6
410670318131,6
410670318132,6
410670318133,6
410670318141,6
410670318142,6
410670318143,6
410670318161,6
410670318162,6
410670318163,6
410670318171,6
410670318172,6
410670318181,6
410670318182,3
410670318183,6
410670318191,3
410670318192,3
410670318201,6
410670318202,6
410670318211,6
410670318212,6
410670318213,6
410670319041,3
410670319042,3
410670319091,3
410670319092,3
410670319093,3
410670319111,6
410670319112,3
410670319121,3
410670319122,3
410670319123,3
410670319131,3
410670319141,3
410670319142,3
410670319143,3
410670319144,3
410670319151,3
410670319152,3
410670319161,3
410670319162,3
410670319171,3
410670319172,3
410670319181,3
410670319182,3
410670319183,3
410670320011,3
410670320012,3
410670320013,3
410670320014,3
410670320031,3
410670320032,3
410670320033,3
410670320041,3
410670320042,3
410670320051,3
410670320052,3
410670320053,3
410670320054,3
410670321041,3
410670321042,3
410670321043,3
410670321071,3
410670321081,3
410670321082,3
410670321083,3
410670321091,3
410670321092,3
410670321101,3
410670321102,3
410670321111,3
410670321112,3
410670321121,3
410670321122,3
410670321123,3
410670321124,3
410670322011,3
410670322012,3
410670322021,3
410670322022,3
410670322023,3
410670323011,6
410670323021,6
410670323022,6
410670323023,6
410670323024,6
410670324041,6
410670324042,6
410670324043,6
410670324044,6
410670324045,6
410670324071,6
410670324072,6
410670324091,6
410670324092,6
410670324101,6
410670324102,6
410670324103,6
410670324111,6
410670324112,6
410670324113,6
410670324121,6
410670324122,6
410670324123,6
410670324131,6
410670324132,6
410670324141,6
410670324142,6
410670324143,6
410670325011,6
410670325012,6
410670325013,6
410670325021,6
410670325022,6
410670325031,6
410670325032,6
410670326031,6
410670326032,6
410670326033,6
410670326034,6
410670326035,6
410670326041,6
410670326042,6
410670326043,6
410670326044,6
410670326045,6
410670326061,6
410670326062,6
410670326063,6
410670326064,6
410670326065,6
410670326081,6
410670326082,6
410670326091,6
410670326092,6
410670326101,6
410670326102,6
410670326111,6
410670326112,6
410670326121,6
410670326122,6
410670326123,6
410670326124,6
410670326125,6
410670327001,6
410670327002,6
410670327003,6
410670327004,6
410670328001,6
410670329011,6
410670329012,6
410670329013,6
410670329031,6
410670329032,6
410670329041,6
410670329042,6
410670329043,6
410670330001,6
410670330002,6
410670330003,6
410670330004,6
410670331011,6
410670331012,6
410670331021,6
410670331022,6
410670332011,6
410670332012,6
410670332013,6
410670332021,6
410670332022,6
410670333011,6
410670333012,6
410670333013,6
410670333014,6
410670333015,6
410670333021,6
410670333022,6
410670333023,6
410670334001,6
410670334002,6
410670335001,6
410670335002,6
410670335003,6
410670336001,6
410670336002,6
410670336003,6
410699601001,2
410699601002,2
410710301011,3
410710301012,3
410710301013,3
410710301021,3
410710301022,3
410710301023,3
410710301024,3
410710301025,3
410710302011,3
410710302012,3
410710302013,3
410710302014,3
410710302021,3
410710302022,3
410710302023,3
410710303021,3
410710303022,3
410710303031,3
410710303032,3
410710303033,3
410710303041,3
410710303042,3
410710303043,3
410710303044,3
410710304001,6
410710304002,6
410710304003,6
410710304004,3
410710304005,3
410710305011,3
410710305012,3
410710305013,3
410710305014,3
410710305021,4
410710305022,4
410710305023,4
410710305024,4
410710306011,3
410710306012,3
410710306013,3
410710306021,3
410710306022,3
410710306023,3
410710307021,3
410710307022,3
410710307023,3
410710307024,3
410710307031,3
410710307032,3
410710307041,3
410710307042,3
410710308011,3
410710308012,3
410710308013,3
410710308021,3
410710308022,3
410710309001,3
410710309002,3
410710310001,3
410710310002,3
